<chart>
id=133035139188824813
symbol=EURUSD
period=5
leftpos=1746425
digits=5
scale=8
graph=1
fore=0
grid=0
volume=0
scroll=0
shift=0
ohlc=1
one_click=0
one_click_btn=1
askline=0
days=0
descriptions=0
shift_size=50
fixed_pos=0
window_left=78
window_top=78
window_right=1394
window_bottom=559
window_type=3
background_color=13499135
foreground_color=0
barup_color=0
bardown_color=0
bullcandle_color=3329330
bearcandle_color=255
chartline_color=65280
volumes_color=3329330
grid_color=10061943
askline_color=255
stops_color=255

<window>
height=100
fixed_height=0
<indicator>
name=main
<object>
type=2
object_name=Trendline 26820
period_flags=0
create_time=1633380548
color=3329330
style=0
weight=3
background=0
filling=0
selectable=1
hidden=0
zorder=0
time_0=1239494400
value_0=96.104468
time_1=1265500800
value_1=82.802979
ray=0
</object>
<object>
type=2
object_name=Trendline 26982
period_flags=0
create_time=1633380710
color=3329330
style=0
weight=3
background=0
filling=0
selectable=1
hidden=0
zorder=0
time_0=1455408000
value_0=112.578000
time_1=1468108800
value_1=99.221220
ray=0
</object>
<object>
type=2
object_name=Trendline 12947
period_flags=0
create_time=1633432211
color=3329330
style=0
weight=3
background=0
filling=0
selectable=1
hidden=0
zorder=0
time_0=1526169600
value_0=110.807294
time_1=1540080000
value_1=115.242844
ray=0
</object>
<object>
type=2
object_name=Trendline 10564
period_flags=0
create_time=1633691972
color=255
style=0
weight=3
background=0
filling=0
selectable=1
hidden=0
zorder=0
time_0=1616889600
value_0=110.961000
time_1=1637452800
value_1=112.835563
ray=0
</object>
<object>
type=2
object_name=Trendline 10572
period_flags=0
create_time=1633691980
color=255
style=0
weight=3
background=0
filling=0
selectable=1
hidden=0
zorder=0
time_0=1618099200
value_0=107.581500
time_1=1641265200
value_1=111.299211
ray=0
</object>
</indicator>
<indicator>
name=Moving Average
period=8
shift=20
method=0
apply=0
color=0
style=0
weight=4
levels_color=3937500
levels_style=0
levels_weight=4
level_0=-100.00000000
period_flags=0
show_data=1
</indicator>
</window>
</chart>

